X value: 0.6Y value: 0
X value: 0.8Y value: 0
X value: 1Y value: 0
iter, me0,1
Printing...
   0    0    0    0    0 
   0 0.564642 0.717356 0.841471    0 
   0    0    0 1.04014    0 
   0    0    0 1.23089    0 
   0    0    0    0    0 
iter, me0,0
Printing...
   0    0    0    0    0 
   0    0 0.198669 0.389418    0 
   0 0.198669    0    0    0 
   0 0.389418    0    0    0 
   0    0    0    0    0 
iter, me1,0
Printing...
   0    0    0    0    0 
   0    0 0.198669 0.389418 0.564642 
   0 0.198669 0.103308 0.103235    0 
   0 0.389418 0.244396 0.187127 6.9532e-310 
   0    0 0.564642 0.717356    0 
iter, me2,0
Printing...
   0    0    0    0    0 
   0    0 0.198669 0.389418 0.564642 
   0 0.198669 0.190216 0.213043 0.148794 
   0 0.389418 0.317005 0.274035 6.9532e-310 
   0    0 0.564642 0.717356    0 
iter, me3,0
Printing...
   0    0    0    0    0 
   0    0 0.198669 0.389418 0.564642 
   0 0.198669 0.23582 0.291579 0.289121 
   0 0.389418 0.360459 0.319639 6.9532e-310 
   0    0 0.564642 0.717356    0 
iter, me4,0
Printing...
   0    0    0    0    0 
   0    0 0.198669 0.389418 0.564642 
   0 0.198669 0.266317 0.335856 0.375021 
   0 0.389418 0.383261 0.350137 6.9532e-310 
   0    0 0.564642 0.717356    0 


-------------------------------------------------------
SUMMARY:

The error between two iterates is 0.0967546

The maximum error in the solution is 1.0131
The number of iterations is 5
-------------------------------------------------------

iter, me1,1
Printing...
   0    0    0    0    0 
0.389418 0.564642 0.717356 0.841471    0 
   0 0.148794 0.448534 1.04014    0 
2.36529e-310 0.00954061 0.31879 1.23089    0 
   0    0    0    0    0 
iter, me2,1
Printing...
   0    0    0    0    0 
0.389418 0.564642 0.717356 0.841471    0 
0.103235 0.289121 0.56543 1.04014    0 
2.36529e-310 0.126437 0.436132 1.23089    0 
   0    0 0.0112928 0.364348    0 
iter, me3,1
Printing...
   0    0    0    0    0 
0.389418 0.564642 0.717356 0.841471    0 
0.213043 0.375021 0.629848 1.04014    0 
2.36529e-310 0.190854 0.54072 1.23089    0 
   0    0 0.195852 0.645309    0 
iter, me4,1
Printing...
   0    0    0    0    0 
0.389418 0.564642 0.717356 0.841471    0 
0.291579 0.426864 0.67747 1.04014    0 
2.36529e-310 0.238476 0.61055 1.23089    0 
   0    0 0.346338 0.788394    0 
iter, me0,2
Printing...
   0    0    0    0    0 
   0 0.564642    0    0    0 
   0 0.717356    0    0    0 
   0 0.841471 1.04014 1.23089    0 
   0    0    0    0    0 
iter, me0,3
Printing...
   0    0    0    0    0 
   0    0    0 1.40611    0 
   0    0    0 1.55883    0 
   0 1.40611 1.55883 1.68294    0 
   0    0    0    0    0 
iter, me1,2
Printing...
   0    0    0    0    0 
   0 0.564642 0.148794 0.00954061    0 
   0 0.717356 0.448534 0.31879    0 
   0 0.841471 1.04014 1.23089 9.57011e-317 
   0    0    0    0    0 
iter, me2,2
Printing...
   0    0 0.564642    0    0 
   0 0.564642 0.404473 0.12926 0.0112928 
   0 0.717356 0.56543 0.524396 0.364348 
   0 0.841471 1.04014 1.23089 2.35042e-310 
   0    0    0    0    0 
iter, me3,2
Printing...
   0    0 0.564642 0.148794    0 
   0 0.564642 0.463627 0.327919 0.195852 
   0 0.717356 0.680752 0.65379 0.645309 
   0 0.841471 1.04014 1.23089 2.35042e-310 
   0    0    0    0    0 
iter, me4,2
Printing...
   0    0 0.564642 0.289121    0 
   0 0.564642 0.542122 0.44776 0.346338 
   0 0.717356 0.727889 0.768056 0.788394 
   0 0.841471 1.04014 1.23089 2.35042e-310 
   0    0    0    0    0 
iter, me1,3
Printing...
   0    0    0    0    0 
   0 0.0112928 0.364348 1.40611    0 
   0 0.364348 0.793761 1.55883    0 
2.33497e-310 1.40611 1.55883 1.68294    0 
   0    0    0    0    0 
iter, me2,3
Printing...
   0    0    0    0    0 
0.00954061 0.195852 0.565612 1.40611    0 
0.31879 0.645309 0.975935 1.55883    0 
2.33497e-310 1.40611 1.55883 1.68294    0 
   0    0    0    0    0 
iter, me3,3
Printing...
   0    0    0    0    0 
0.12926 0.346338 0.657295 1.40611    0 
0.524396 0.788394 1.09649 1.55883    0 
2.33497e-310 1.40611 1.55883 1.68294    0 
   0    0    0    0    0 
iter, me4,3
Printing...
   0    0    0    0    0 
0.327919 0.454695 0.725056 1.40611    0 
0.65379 0.888503 1.15518 1.55883    0 
2.33497e-310 1.40611 1.55883 1.68294    0 
   0    0    0    0    0 
